sweep="soft"
outFile="./ts_simulans/vcfs/soft/2075.multivcf"
dumpFile="./ts_simulans/dumpfiles/soft/2075.dump"
samplingInterval=8
numSamples=7
recombRate=4.8139820231649666e-09
selCoeff=0.04417071167050205
sampleSizePerStep=100
physLen=500000
seed=5566802111826405