sweep="soft"
outFile="./ts_simulans/vcfs/soft/15.multivcf"
dumpFile="./ts_simulans/dumpfiles/soft/15.dump"
samplingInterval=8
numSamples=7
recombRate=2.7296776231635355e-09
selCoeff=0.17894734484406785
sampleSizePerStep=100
physLen=100000
seed=1914834491669010