true,pred,prob_neut,prob_sdn,prob_ssv
0,0,0.4957284,0.17848465,0.32578695
2,2,0.17210102,0.046037074,0.7818619
2,1,0.0674809,0.6527885,0.27973062
2,2,0.055087384,0.3474809,0.5974318
1,2,0.2650085,0.2037428,0.5312486
2,0,0.6889478,0.10033761,0.21071452
2,1,0.0106506115,0.7813432,0.20800622
2,1,0.09231715,0.55748194,0.3502009
0,0,0.46723542,0.17934093,0.35342377
1,1,0.20080504,0.44350716,0.3556878
0,0,0.66021556,0.115994684,0.22378974
0,2,0.15313876,0.18035616,0.66650504
2,1,0.25512266,0.4121096,0.3327678
0,0,0.38836303,0.30052766,0.3111093
1,1,0.017081048,0.7444271,0.2384918
2,0,0.5645599,0.1722096,0.26323044
1,1,0.0013928209,0.8535163,0.14509088
2,2,0.15532349,0.06337329,0.7813033
1,1,0.0112398015,0.7348158,0.25394437
1,1,0.17302318,0.4945611,0.33241573
0,2,0.117110066,0.045029286,0.83786064
1,1,0.012548435,0.7874478,0.20000379
2,1,0.08816683,0.6053194,0.30651382
0,0,0.57481414,0.15017,0.27501586
1,1,0.025051545,0.7003177,0.27463073
1,0,0.42123666,0.27678472,0.30197862
1,0,0.535235,0.1881727,0.2765923
2,1,0.16258617,0.51503235,0.32238144
2,0,0.42099762,0.25959587,0.31940657
2,0,0.55916476,0.12280787,0.31802732
1,0,0.34505647,0.33777112,0.31717238
2,1,0.005701068,0.77263004,0.22166884
1,1,0.08322426,0.6159337,0.30084208
2,1,0.013699985,0.77490526,0.21139483
1,1,0.05926317,0.65469915,0.2860377
2,2,0.061314162,0.23682162,0.7018642
2,2,0.11517917,0.17731734,0.70750344
2,2,0.36464122,0.15800661,0.4773521
2,1,0.046147406,0.64481896,0.3090336
0,0,0.55757445,0.17570053,0.26672506
1,1,0.05703572,0.48308167,0.45988256
1,1,0.022864457,0.7262163,0.25091925
1,2,0.048679776,0.39899892,0.5523214
1,1,0.040998552,0.6973308,0.2616707
2,0,0.37214458,0.3123346,0.31552076
0,0,0.65027624,0.106768094,0.24295565
2,1,0.08449768,0.606553,0.30894932
0,0,0.45774272,0.22185925,0.32039797
1,1,0.11370157,0.511391,0.37490746
0,2,0.16090658,0.053459194,0.7856342
1,1,0.0993752,0.5655104,0.33511448
2,2,0.054594055,0.15211491,0.7932911
0,0,0.6055828,0.14913973,0.24527743
0,0,0.61552703,0.13850434,0.2459686
2,0,0.5236879,0.20114802,0.27516413
1,1,0.04689324,0.672186,0.28092068
0,0,0.5692257,0.16398734,0.266787
2,0,0.64643204,0.121872485,0.23169537
2,1,0.047594234,0.6960595,0.25634623
2,0,0.5737371,0.16814114,0.25812173
1,0,0.62996656,0.13400808,0.23602542
0,0,0.50980777,0.2111688,0.27902344
2,1,0.02645734,0.6934524,0.2800902
2,0,0.5440892,0.18788758,0.26802322
0,0,0.58833057,0.16073586,0.25093353
2,0,0.56541884,0.1759283,0.25865293
1,1,0.036768444,0.68980825,0.27342325
1,1,0.07685051,0.6299584,0.29319113
1,1,0.064174905,0.59721386,0.33861122
2,1,0.22527508,0.3913489,0.38337606
2,0,0.5219778,0.13565555,0.34236667
2,0,0.503564,0.17253965,0.32389632
2,1,0.02818294,0.50245994,0.4693572
2,2,0.08753296,0.32949653,0.58297056
0,0,0.64651686,0.12282915,0.23065397
2,2,0.101129755,0.14606266,0.7528076
2,0,0.47281095,0.23538494,0.29180408
2,0,0.4349005,0.26422682,0.30087265
1,1,0.056452483,0.6550255,0.28852203
1,1,0.051823243,0.6374104,0.31076634
1,1,0.0105002215,0.6157778,0.37372202
1,1,0.11153468,0.54036033,0.34810495
1,1,0.020663265,0.74040014,0.23893656
0,0,0.45581144,0.24614587,0.29804263
2,1,0.026537232,0.5797531,0.39370966
2,2,0.30526623,0.33988118,0.35485262
1,0,0.57563174,0.16824754,0.25612074
2,1,0.015224574,0.72785175,0.25692362
1,1,0.013480715,0.7432312,0.24328813
0,0,0.59606946,0.15140845,0.25252208
1,1,0.050956685,0.49481153,0.4542318
0,1,0.08792036,0.60004175,0.31203794
0,0,0.6119853,0.14338605,0.24462862
0,0,0.5508141,0.18332234,0.26586354
0,0,0.39050442,0.2995519,0.30994377
2,0,0.48750892,0.1495986,0.3628925
0,0,0.5468599,0.13700289,0.3161372
1,1,0.08563817,0.55050397,0.36385787
2,0,0.59892756,0.14967142,0.25140107
2,1,0.2501539,0.4182395,0.3316066
1,1,0.028560083,0.6357705,0.33566943
1,0,0.54977703,0.09185658,0.35836646
1,1,0.09218243,0.6109152,0.29690242
1,1,0.017808352,0.7594734,0.22271837
0,0,0.46770567,0.100721754,0.4315725
0,0,0.65569407,0.110812336,0.23349367
1,1,0.016708229,0.76610976,0.21718192
2,1,0.048279468,0.6542837,0.29743683
0,2,0.17091995,0.15263884,0.6764412
1,1,0.18580101,0.45738673,0.3568123
1,1,0.08915599,0.605965,0.30487895
0,0,0.608206,0.12361567,0.26817837
1,2,0.2524985,0.30761278,0.4398887
0,0,0.48983184,0.18942776,0.32074046
0,0,0.6297648,0.12898858,0.24124663
0,0,0.5643703,0.17467918,0.2609505
2,2,0.1457538,0.13166226,0.7225839
1,0,0.6101426,0.13892506,0.25093234
0,1,0.037045997,0.71563464,0.24731933
1,0,0.52441335,0.19946483,0.27612185
2,1,0.021172151,0.52937853,0.4494493
0,0,0.50877434,0.19737142,0.29385427
2,0,0.6577797,0.114909306,0.22731103
0,1,0.25748256,0.40900132,0.33351612
0,0,0.5936852,0.15647724,0.24983755
0,0,0.57580674,0.1378378,0.2863555
2,0,0.57843506,0.15238073,0.2691841
2,1,0.07006404,0.6433793,0.2865567
1,1,0.009382249,0.7991886,0.19142918
0,2,0.08202333,0.02419679,0.89377993
2,1,0.046710625,0.6959712,0.2573182
2,1,0.09185006,0.61249536,0.29565454
1,1,0.16278176,0.48405537,0.3531629
0,0,0.5412874,0.14654045,0.3121721
1,0,0.5683017,0.17356563,0.25813264
1,1,0.01100264,0.78933614,0.19966118
0,2,0.21922052,0.060601525,0.72017795
1,2,0.11192346,0.15400697,0.7340696
0,2,0.4146797,0.09435341,0.49096695
1,0,0.54149854,0.17100672,0.2874947
0,0,0.6199134,0.12958302,0.25050357
0,0,0.53671646,0.18513314,0.27815032
1,1,0.057186186,0.6289221,0.3138918
2,1,0.00381337,0.8263189,0.1698678
0,0,0.57058376,0.17299055,0.25642568
2,2,0.04493309,0.41901824,0.53604865
1,2,0.44302607,0.08966768,0.46730632
2,0,0.5313589,0.1645311,0.30411
0,0,0.5460359,0.18581362,0.2681505
1,1,0.037338,0.6493953,0.31326672
0,0,0.43900934,0.21470006,0.34629056
1,1,0.27307954,0.37843215,0.3484883
0,0,0.4332412,0.17075308,0.3960058
2,1,0.07673601,0.625458,0.29780596
0,0,0.49738696,0.19632737,0.3062857
1,1,0.0010153513,0.8628564,0.13612826
0,0,0.3648759,0.31081182,0.3243123
0,0,0.60156107,0.15308765,0.24535133
0,2,0.26968697,0.35334304,0.37697005
2,2,0.20181243,0.29220057,0.5059871
2,1,0.062494535,0.5910726,0.34643286
0,0,0.5459969,0.18664275,0.26736033
2,1,0.04179188,0.60734195,0.3508662
2,2,0.26514605,0.11512479,0.6197292
0,0,0.42430452,0.21467929,0.36101618
0,1,0.11257081,0.56329083,0.3241384
1,1,0.01739608,0.75739616,0.22520767
0,0,0.47119054,0.10152453,0.42728493
1,1,0.33019966,0.34845874,0.3213416
2,1,0.004531088,0.77156675,0.22390209
0,0,0.56886476,0.16607606,0.26505923
1,1,0.31050944,0.36388987,0.32560062
0,1,0.3175389,0.36178064,0.3206804
0,0,0.5530665,0.14364305,0.30329043
0,2,0.28547215,0.113566,0.6009618
2,1,0.06675103,0.6463035,0.28694552
2,2,0.0761023,0.14928283,0.7746149
1,1,0.018826887,0.6501284,0.3310448
0,1,0.08476538,0.6067776,0.30845708
1,2,0.25686672,0.35870555,0.38442773
0,0,0.59146214,0.15436018,0.25417772
0,0,0.5030593,0.2162546,0.2806861
1,1,0.032022104,0.5564597,0.41151816
0,0,0.53087175,0.18862797,0.2805003
2,2,0.42124993,0.08526149,0.49348858
1,0,0.36558837,0.31843206,0.3159795
0,0,0.51848984,0.148997,0.3325131
0,0,0.61297864,0.14531629,0.24170503
2,2,0.4295237,0.113786966,0.45668942
0,0,0.5645331,0.13313878,0.3023281
2,1,0.060851533,0.6624758,0.27667272
1,0,0.5554624,0.17709047,0.26744705
0,0,0.61336005,0.14426024,0.2423796
2,0,0.5285511,0.10849932,0.36294955
1,1,0.031069327,0.7269149,0.24201578
2,2,0.053152934,0.09461229,0.8522347
0,1,0.2921348,0.38306707,0.32479817
1,1,0.012266085,0.7640601,0.22367385
2,2,0.06392959,0.124117315,0.81195307
1,1,0.011448403,0.76712877,0.22142284
0,0,0.6170734,0.14210004,0.2408266
2,1,0.057860166,0.62184864,0.3202912
0,2,0.13488644,0.34856498,0.5165486
0,0,0.58185554,0.16483304,0.25331137
1,2,0.14037034,0.10155352,0.75807613
0,0,0.5433203,0.18802795,0.2686518
2,2,0.06308922,0.025919003,0.9109918
2,2,0.050878517,0.3924557,0.5566658
2,1,0.07023514,0.58963984,0.34012502
2,1,0.09204675,0.6104515,0.29750174
0,2,0.3781358,0.13294548,0.48891875
0,0,0.38724974,0.30224046,0.31050977
2,0,0.56952816,0.13655503,0.29391682
1,2,0.27449784,0.3432201,0.38228208
1,1,0.002054625,0.75297254,0.24497287
1,1,0.02583897,0.74611974,0.22804126
2,2,0.1665521,0.10544045,0.7280075
2,2,0.051881813,0.16777217,0.78034604
1,1,0.04403072,0.7031348,0.2528345
2,2,0.11913274,0.37252137,0.5083459
2,0,0.447669,0.25512794,0.2972031
1,1,0.0058969767,0.81003755,0.18406549
2,2,0.025524447,0.47802553,0.49645007
1,1,0.04481562,0.55096024,0.4042242
2,0,0.49517217,0.19622011,0.30860764
1,0,0.49242663,0.21857706,0.28899628
0,0,0.5360689,0.18988186,0.27404922
1,0,0.6106347,0.14353272,0.2458326
2,2,0.2583219,0.2771917,0.4644863
0,0,0.5680263,0.16919504,0.2627786
0,0,0.58476907,0.15552583,0.25970513
1,1,0.04839103,0.6885593,0.2630497
0,1,0.32532626,0.34589168,0.32878202
2,1,0.09128902,0.5599374,0.3487736
0,0,0.55106014,0.121299006,0.32764083
2,1,0.16272503,0.5116647,0.32561028
0,2,0.43592766,0.09164338,0.4724289
1,1,0.11696136,0.5709331,0.3121055
1,0,0.35867646,0.32469097,0.31663263
0,0,0.5749272,0.13907826,0.28599453
2,1,0.008933206,0.74734426,0.24372259
0,0,0.5973181,0.15348226,0.24919961
1,1,0.012295104,0.7833996,0.20430543
2,2,0.022753704,0.41538054,0.5618658
0,0,0.574377,0.16495866,0.2606644
1,1,0.043480437,0.68486786,0.27165174
1,0,0.4928767,0.08902586,0.4180975
1,1,0.08978675,0.5802167,0.32999653
2,0,0.6365717,0.11583728,0.24759105
0,2,0.21111362,0.37363523,0.4152512
2,1,0.01363223,0.7295437,0.25682405
0,0,0.37684503,0.28272742,0.34042755
1,1,0.03323442,0.69883853,0.2679271
0,0,0.629618,0.13592325,0.23445871
0,1,0.32533652,0.34595996,0.32870355
2,2,0.15748234,0.1236925,0.7188251
1,1,0.031407386,0.71100795,0.25758478
1,1,0.040184636,0.64775753,0.31205782
2,1,0.02824512,0.6027669,0.36898804
1,0,0.6326708,0.13152717,0.23580202
0,2,0.08938858,0.04442778,0.8661837
0,0,0.48109484,0.14540976,0.37349537
1,1,0.04209057,0.639282,0.3186275
1,0,0.5706744,0.15619749,0.27312812
2,1,0.023256265,0.7549875,0.22175619
1,1,0.03400395,0.6972263,0.26876986
0,0,0.6052085,0.14938314,0.24540827
2,0,0.53358793,0.19292301,0.2734891
2,0,0.55826724,0.17401482,0.26771793
2,2,0.108890735,0.1352995,0.7558097
1,2,0.1612943,0.102029964,0.73667574
1,0,0.66704386,0.11140905,0.22154708
2,1,0.02615271,0.71847326,0.25537395
0,0,0.43634048,0.25950676,0.3041528
1,2,0.2063424,0.32320473,0.47045285
2,0,0.5734281,0.16857673,0.25799516
0,0,0.56175685,0.17555696,0.26268628
2,0,0.5565353,0.11093499,0.33252966
0,0,0.60052985,0.14362136,0.25584888
2,1,0.010945366,0.5179851,0.47106948
0,0,0.52171326,0.1950951,0.2831916
2,2,0.14977217,0.24630739,0.60392046
1,1,0.05043193,0.5498439,0.39972413
2,0,0.44702822,0.10642087,0.44655085
1,1,0.030799322,0.7033381,0.26586252
1,0,0.42567176,0.26704675,0.30728152
2,2,0.29036373,0.12327038,0.5863659
0,0,0.5753087,0.154431,0.27026036
0,0,0.5431213,0.18840972,0.26846898
1,1,0.0120447595,0.760774,0.22718126
2,1,0.021586344,0.48953453,0.48887914
1,1,0.1082458,0.58499,0.30676416
1,2,0.279952,0.26244923,0.4575988
0,0,0.58336824,0.16513318,0.25149855
0,0,0.5683389,0.17233446,0.25932673
0,0,0.58778685,0.15924244,0.2529707
1,0,0.5761949,0.088772506,0.33503264
1,1,0.110555895,0.5813105,0.30813357
1,1,0.07141365,0.63068056,0.2979057
1,1,0.15267886,0.52992356,0.3173976
2,1,0.013303939,0.76067203,0.22602412
1,2,0.30170447,0.33475068,0.3635449
2,2,0.34101856,0.30717555,0.35180587
2,0,0.5364138,0.1083667,0.35521948
2,2,0.2889925,0.21409686,0.4969106
1,1,0.07808353,0.6098851,0.31203133
1,1,0.14718401,0.5337417,0.31907427
1,1,0.12566522,0.5609171,0.31341773
2,0,0.549942,0.18364148,0.26641646
1,1,0.02848917,0.5434252,0.42808565
2,0,0.5594676,0.14139557,0.29913685
0,1,0.14122245,0.5325545,0.32622305
1,0,0.40976942,0.28605118,0.3041793
1,0,0.5495951,0.17901632,0.2713885
2,2,0.3073684,0.07677656,0.61585504
0,1,0.15048128,0.5052701,0.34424856
1,1,0.10021757,0.59605235,0.30373004
1,1,0.035526227,0.6576391,0.30683467
1,0,0.49994636,0.1958473,0.3042064
2,1,0.24723323,0.41621348,0.33655322
0,0,0.48816755,0.14020877,0.37162364
2,1,0.12960285,0.47697386,0.39342323
0,1,0.2603759,0.4135588,0.32606533
1,1,0.022735551,0.6556017,0.32166278
1,0,0.5705812,0.17163765,0.25778112
0,0,0.5057855,0.15001845,0.34419605
1,1,0.026269693,0.69330305,0.28042725
0,0,0.6320488,0.13298191,0.23496926
1,1,0.13863479,0.5422652,0.31910005
2,1,0.04518131,0.65279144,0.3020273
1,1,0.10551974,0.55667037,0.33780992
2,2,0.07688823,0.3063343,0.6167775
2,1,0.022259613,0.6997787,0.27796173
1,1,0.019472228,0.7030127,0.277515
2,0,0.56005895,0.17376488,0.26617613
1,0,0.48753393,0.21828553,0.29418063
1,1,0.039772168,0.6816966,0.27853125
0,0,0.57800674,0.16677348,0.2552198
0,0,0.6109043,0.14556548,0.24353021
1,0,0.5572066,0.16670285,0.27609065
2,1,0.005081347,0.81339604,0.18152265
0,0,0.5212387,0.20236564,0.27639565
2,1,0.038823094,0.660252,0.30092493
0,0,0.56133485,0.16657215,0.27209306
0,2,0.3471345,0.15987416,0.4929913
0,1,0.08984491,0.6135096,0.29664546
2,1,0.034396265,0.70957,0.25603378
0,2,0.23889472,0.38032913,0.38077614
0,1,0.18284564,0.46110347,0.356051
1,1,0.117558,0.5524436,0.32999834
0,0,0.66288066,0.11851932,0.21860005
2,1,0.05105715,0.59726566,0.35167715
1,1,0.335931,0.3451711,0.31889793
2,1,0.18211822,0.45823348,0.3596483
1,0,0.5244457,0.20066494,0.2748893
1,0,0.5713351,0.16667502,0.26198992
2,0,0.6919344,0.100901924,0.20716363
0,0,0.45197445,0.2541945,0.2938311
2,2,0.12125537,0.08932626,0.78941834
0,1,0.2072073,0.45587853,0.3369141
0,0,0.56876934,0.17038558,0.2608451
0,1,0.027051972,0.6751214,0.2978266
2,2,0.36296123,0.1621059,0.47493285
0,0,0.57923913,0.16446665,0.25629425
1,1,0.08346212,0.62143815,0.29509977
1,0,0.49515507,0.221672,0.28317294
1,0,0.5859771,0.16070336,0.2533195
2,1,0.24775605,0.42469186,0.32755208
2,2,0.13814181,0.16855998,0.6932982
2,0,0.52869225,0.14343971,0.32786804
2,1,0.14204839,0.49647933,0.36147234
2,1,0.015172309,0.5002877,0.48454
1,1,0.010046929,0.7548446,0.23510844
0,0,0.6354172,0.12169077,0.24289203
1,1,0.07462937,0.6333537,0.29201695
0,0,0.5505906,0.17727534,0.2721341
1,1,0.04597972,0.69301456,0.26100576
1,1,0.032084353,0.67860585,0.28930977
2,1,0.020030638,0.7312586,0.24871078
1,1,0.098548576,0.60131276,0.30013862
2,2,0.24194744,0.18209708,0.57595545
1,1,0.015405425,0.7404289,0.24416569
0,0,0.57212585,0.1704404,0.25743368
1,1,0.15030545,0.52052104,0.32917354
2,2,0.34312192,0.13309471,0.5237833
2,1,0.011602319,0.75402576,0.23437193
0,0,0.45211476,0.15321341,0.39467174
2,0,0.5342818,0.1959794,0.2697387
1,2,0.0221937,0.48866242,0.48914388
1,0,0.63947153,0.12349891,0.23702955
2,1,0.036313094,0.5216663,0.44202062
1,1,0.019639783,0.74091375,0.23944649
1,2,0.1502246,0.16012369,0.6896517
0,0,0.51069504,0.1987103,0.29059473
1,1,0.010748741,0.7940446,0.1952067
1,2,0.18793544,0.20094888,0.61111563
0,0,0.39410347,0.23152685,0.37436968
1,1,0.0320785,0.5491282,0.41879335
0,0,0.5356234,0.17983952,0.28453702
1,1,0.027435275,0.7189196,0.25364515
2,1,0.08512879,0.609032,0.30583927
1,1,0.0426898,0.6639779,0.2933323
1,1,0.00286075,0.7860048,0.21113448
0,0,0.5563985,0.16698954,0.27661192
0,0,0.56849486,0.17327061,0.25823456
2,0,0.61397946,0.13980073,0.24621984
0,0,0.66058546,0.10938689,0.23002765
2,2,0.039956857,0.19033079,0.7697124
0,1,0.073769234,0.5436169,0.3826138
0,0,0.4805595,0.22918166,0.29025885
0,0,0.61481625,0.14618388,0.2389999
2,1,0.04158486,0.70165426,0.25676078
2,1,0.16467078,0.51027495,0.32505432
1,1,0.17099418,0.49819255,0.3308133
1,0,0.5568128,0.1478605,0.29532665
1,1,0.0426013,0.69802487,0.25937384
1,1,0.12621656,0.56013334,0.31365007
1,1,0.009724398,0.78003496,0.21024063
0,2,0.20418537,0.23356667,0.56224793
0,0,0.4925685,0.20685709,0.30057442
2,1,0.28993544,0.37495583,0.33510876
2,1,0.012296922,0.6211348,0.36656818
1,1,0.01967305,0.66383535,0.31649157
1,2,0.07944313,0.38208777,0.5384691
2,1,0.021518914,0.725472,0.25300917
1,1,0.013880859,0.76750296,0.21861613
1,1,0.019193616,0.74697405,0.23383228
2,1,0.04512765,0.5571386,0.39773378
0,0,0.50631124,0.21342783,0.28026098
1,1,0.0762882,0.59426033,0.32945147
2,0,0.6210109,0.13653874,0.24245028
1,1,0.02682391,0.7159079,0.25726822
1,0,0.60586536,0.14657395,0.24756065
0,0,0.60911644,0.14498837,0.24589518
2,1,0.026312187,0.7093346,0.26435313
2,1,0.052482165,0.47708556,0.47043225
2,1,0.18284126,0.4668901,0.35026863
1,1,0.19691108,0.47851574,0.32457316
1,2,0.24673024,0.26726794,0.48600182
2,0,0.55723685,0.17712282,0.26564032
0,0,0.5466243,0.14759304,0.30578265
1,1,0.019179305,0.6741269,0.3066938
0,0,0.41845477,0.26598883,0.3155564
2,0,0.5643173,0.17480938,0.26087338
0,0,0.51318455,0.19810525,0.2887102
0,0,0.4863639,0.14128701,0.3723491
1,1,0.007215515,0.7881123,0.20467222
2,2,0.036060974,0.40268236,0.5612567
2,2,0.10609534,0.08815712,0.80574757
2,0,0.5948986,0.15385403,0.25124735
2,2,0.44992974,0.06626936,0.4838009
1,1,0.0083289305,0.7257286,0.26594248
0,0,0.38973805,0.29454464,0.3157173
2,0,0.44668573,0.20842144,0.34489274
2,1,0.055638053,0.6346819,0.30968004
1,1,0.26276535,0.4072975,0.32993713
1,1,0.07401932,0.6047762,0.32120445
1,1,0.109948635,0.5796897,0.31036165
2,0,0.47733185,0.23229429,0.29037386
0,0,0.45686013,0.24261732,0.30052257
2,2,0.047581192,0.036468495,0.9159503
0,0,0.62310195,0.13181421,0.24508376
1,1,0.025170911,0.66333026,0.31149882
0,0,0.50208503,0.17159253,0.32632244
0,0,0.509599,0.15049167,0.3399093
1,1,0.03778346,0.6870201,0.27519643
2,0,0.47461358,0.17665917,0.3487273
2,0,0.5337778,0.15310723,0.313115
0,0,0.6201586,0.1374081,0.24243325
2,1,0.18855207,0.478587,0.3328609
2,0,0.63775694,0.12691998,0.23532309
0,0,0.6243348,0.1399921,0.2356731
1,2,0.17034554,0.04593802,0.7837165
1,1,0.105658114,0.5625952,0.33174676
1,1,0.01082354,0.7512045,0.237972
0,0,0.5308217,0.19198833,0.27718994
0,1,0.3380988,0.33861762,0.32328358
1,0,0.5465297,0.18229224,0.2711781
2,1,0.22553861,0.38770846,0.38675293
1,1,0.017305244,0.57512355,0.40757123
0,0,0.60445327,0.15014388,0.24540284
0,1,0.01996081,0.64151716,0.33852205
2,0,0.59377396,0.1461138,0.26011223
0,2,0.19834356,0.055570714,0.7460857
2,2,0.051078435,0.1910994,0.75782216
2,1,0.042280633,0.6314194,0.3262999
2,1,0.30039844,0.37366307,0.32593852
0,2,0.080506496,0.17809233,0.7414011
2,2,0.09240895,0.03319161,0.8743995
0,0,0.57160044,0.103591375,0.3248082
2,0,0.525342,0.11802668,0.3566313
2,0,0.42861784,0.16301669,0.4083655
1,0,0.41175953,0.28443444,0.30380604
1,1,0.0797218,0.6124824,0.3077958
1,1,0.06496421,0.6545582,0.28047764
1,1,0.003548445,0.7417707,0.25468087
2,1,0.012207808,0.70963705,0.27815518
2,2,0.07042628,0.036249325,0.8933244
0,0,0.598669,0.14676948,0.25456154
2,0,0.47451714,0.23079558,0.29468724
1,1,0.013858452,0.7675889,0.21855265
0,2,0.11976661,0.04654917,0.8336842
1,1,0.07184935,0.63901454,0.2891361
1,2,0.2399093,0.32006934,0.44002128
2,1,0.028687453,0.7209132,0.25039932
0,2,0.38632557,0.09821399,0.51546043
0,0,0.56535125,0.14065202,0.2939968
1,2,0.0633459,0.44751918,0.48913497
0,2,0.19805728,0.08161436,0.7203284
0,0,0.45193896,0.21986535,0.3281957
0,2,0.24446993,0.2946324,0.46089768
0,0,0.6291819,0.12372924,0.24708879
1,1,0.005185837,0.81984085,0.17497335
1,1,0.025880905,0.6973786,0.27674046
0,0,0.47253662,0.23814365,0.28931972
2,1,0.04960924,0.6616442,0.28874654
1,1,0.04288142,0.5879825,0.36913612
2,1,0.09820714,0.58467054,0.3171223
2,1,0.07291502,0.5198384,0.40724656
2,1,0.071203284,0.6418911,0.28690565
2,0,0.5136974,0.18299985,0.3033028
2,0,0.47602284,0.16311513,0.3608621
2,0,0.39829817,0.27057314,0.33112866
1,0,0.45318654,0.17688757,0.36992592
2,0,0.46824732,0.21387577,0.3178769
2,2,0.17087522,0.09264489,0.73647994
2,2,0.017240461,0.45788082,0.52487874
1,1,0.0596506,0.65073085,0.28961852
2,2,0.1424956,0.107977375,0.7495271
1,1,0.0036195586,0.83304375,0.16333671
0,1,0.027852148,0.7257771,0.24637075
1,1,0.0027691815,0.823864,0.17336681
1,1,0.10846141,0.57764757,0.31389114
1,1,0.017263658,0.7690645,0.2136718
0,2,0.17526421,0.11623196,0.70850384
2,0,0.44550028,0.25505844,0.2994413
2,0,0.52680695,0.20070645,0.27248663
1,1,0.0041285297,0.8387073,0.15716411
0,0,0.54932797,0.18172053,0.26895148
2,2,0.2032761,0.29528564,0.50143826
2,1,0.12944384,0.55024135,0.32031485
1,1,0.07363505,0.48746818,0.43889675
2,0,0.641646,0.11978606,0.2385679
0,2,0.10447548,0.052376755,0.8431478
0,1,0.13961656,0.54039854,0.3199849
0,0,0.5425215,0.18477932,0.2726992
1,0,0.43844262,0.2623011,0.2992563
1,1,0.05464681,0.6252872,0.32006598
2,0,0.5407276,0.19181307,0.26745933
0,0,0.46060285,0.24494277,0.2944543
1,0,0.37702447,0.28948912,0.3334864
0,2,0.4192066,0.07689062,0.50390285
0,0,0.5796876,0.16489616,0.25541624
1,1,0.104604274,0.5898892,0.3055065
1,1,0.04089599,0.67572474,0.28337923
2,0,0.59465736,0.14038241,0.26496023
0,0,0.6075816,0.13042888,0.26198953
1,1,0.08849354,0.587374,0.3241326
1,1,0.23301804,0.42851102,0.338471
1,0,0.35830933,0.31697375,0.324717
1,0,0.6057431,0.099488124,0.29476875
1,1,0.24600488,0.40906936,0.34492573
0,0,0.55133206,0.17920646,0.26946148
1,0,0.6139237,0.14378285,0.24229345
1,1,0.007876711,0.7483617,0.2437616
2,1,0.1251928,0.5489527,0.32585445
2,2,0.095427684,0.030413857,0.87415844
2,1,0.032758795,0.69508755,0.27215362
2,2,0.25042835,0.19327931,0.55629236
0,0,0.5283252,0.19132523,0.28034958
0,2,0.056805998,0.2937596,0.64943445
1,1,0.009262895,0.71947443,0.27126268
1,1,0.005865325,0.74732393,0.24681078
1,2,0.014922647,0.46821904,0.5168583
1,1,0.02575172,0.7154132,0.258835
1,1,0.009417719,0.77053595,0.22004639
1,1,0.09195484,0.61270845,0.29533672
0,1,0.32320714,0.35021392,0.32657897
1,1,0.22392575,0.4377021,0.33837205
2,0,0.5360216,0.1885377,0.27544078
2,1,0.031654317,0.6738001,0.2945455
0,0,0.556335,0.18007985,0.26358515
2,2,0.2961705,0.14759246,0.5562371
0,2,0.27894095,0.08578581,0.6352733
0,0,0.41144225,0.27460238,0.3139554
0,0,0.6477975,0.12525828,0.22694422
1,2,0.092505485,0.12387333,0.78362113
2,0,0.5803843,0.11830891,0.30130678
0,1,0.115711175,0.546218,0.3380709
2,1,0.14195435,0.5109545,0.3470911
0,0,0.54405665,0.12982427,0.32611912
1,2,0.027452577,0.3688759,0.60367155
0,0,0.4567638,0.12780713,0.41542903
1,0,0.59441525,0.120235376,0.28534934
1,1,0.013192816,0.7830736,0.20373355
2,0,0.5127216,0.13434307,0.3529354
1,2,0.16538931,0.40630224,0.42830837
0,0,0.61832374,0.12853402,0.25314224
0,0,0.46858355,0.21521404,0.31620237
2,2,0.07039052,0.018105214,0.9115042
1,1,0.0065613277,0.78189915,0.21153952
0,0,0.59047014,0.1452369,0.26429296
0,0,0.61212075,0.14479859,0.24308066
0,0,0.59740305,0.14491968,0.25767726
1,2,0.116523646,0.24243425,0.64104205
1,1,0.017907541,0.76162994,0.22046252
0,0,0.5430833,0.1892455,0.26767117
1,1,0.012302054,0.75722486,0.23047313
1,2,0.073848106,0.15907273,0.7670791
1,1,0.093481086,0.55901575,0.34750316
1,0,0.4231525,0.2741426,0.3027049
1,2,0.061565712,0.45737576,0.48105845
0,2,0.32248047,0.24438925,0.43313026
0,0,0.37317905,0.31380656,0.3130144
2,2,0.20852958,0.27735296,0.5141175
0,1,0.114863224,0.5725047,0.3126321
0,0,0.62115496,0.13650016,0.24234484
1,1,0.053843774,0.6532449,0.29291126
0,2,0.34805328,0.21905795,0.43288878
0,1,0.14958659,0.42851132,0.42190206
1,0,0.45240048,0.11989731,0.4277022
0,0,0.59247726,0.15723117,0.25029168
0,2,0.0787876,0.05702247,0.8641899
0,0,0.58510476,0.15914898,0.25574625
2,1,0.07223964,0.6402812,0.28747913
2,0,0.56968284,0.12235135,0.30796584
2,1,0.029686999,0.7087667,0.2615464
2,0,0.5397803,0.17688484,0.28333485
0,2,0.43990788,0.083138235,0.47695383
2,0,0.6001279,0.15389629,0.2459758
2,0,0.6455723,0.1261659,0.22826174
0,2,0.2379674,0.30758172,0.45445094
0,0,0.56457084,0.17240103,0.26302814
2,0,0.58536357,0.15985113,0.25478527
2,2,0.120503604,0.060120154,0.8193762
0,0,0.5360675,0.18594196,0.27799055
0,0,0.5419239,0.18844026,0.26963586
1,1,0.043288924,0.6519351,0.30477595
0,0,0.5606834,0.16983141,0.26948515
2,2,0.13176471,0.16163453,0.7066007
0,0,0.3431107,0.33881053,0.31807876
0,0,0.6015318,0.14926262,0.2492056
2,0,0.49867767,0.17280369,0.32851872
1,1,0.008369336,0.7858044,0.20582627
0,0,0.5406362,0.19009933,0.26926452
2,0,0.4637474,0.23612228,0.3001303
1,1,0.003732636,0.82056075,0.17570662
1,1,0.049855173,0.665812,0.28433284
2,0,0.5170735,0.20576245,0.27716398
1,1,0.21334939,0.44672394,0.33992666
2,1,0.051979307,0.6593307,0.28869003
1,1,0.055988964,0.5267044,0.41730663
0,0,0.3545288,0.29401574,0.3514554
2,1,0.045213453,0.62157804,0.33320853
2,0,0.5396935,0.16004775,0.3002588
2,1,0.017803159,0.66858566,0.31361115
2,1,0.106507875,0.5819642,0.3115279
1,1,0.32285342,0.34851292,0.3286337
2,1,0.059981413,0.6274111,0.31260747
1,1,0.29253963,0.37872803,0.32873234
0,0,0.52236754,0.1997881,0.27784434
0,1,0.29939198,0.36680356,0.3338045
2,2,0.036191218,0.037234534,0.92657423
0,0,0.42634842,0.19333072,0.3803209
0,0,0.6130138,0.14359677,0.24338944
2,1,0.0058572064,0.75600153,0.23814122
1,1,0.14329648,0.49898377,0.35771978
2,1,0.0067823017,0.81777805,0.17543955
0,0,0.56943893,0.13607392,0.2944871
2,1,0.13953333,0.54517937,0.31528735
1,0,0.5443726,0.1532425,0.30238485
1,2,0.016841227,0.33394647,0.6492123
1,1,0.0066030957,0.7594318,0.23396517
1,1,0.0022243254,0.8270214,0.17075422
1,1,0.0036538255,0.84091103,0.15543519
0,0,0.63342047,0.12997591,0.23660366
1,0,0.51765347,0.2012622,0.2810843
2,1,0.013437175,0.5831616,0.40340123
0,0,0.40637928,0.27863687,0.31498384
2,1,0.16156691,0.4815597,0.35687348
2,2,0.06973387,0.26051542,0.66975075
2,2,0.14577371,0.24071956,0.61350673
2,2,0.14503092,0.05873138,0.7962377
1,1,0.013196233,0.71902025,0.26778352
0,0,0.53363055,0.1481622,0.3182073
2,1,0.018319359,0.7187342,0.26294643
0,2,0.1737499,0.12944163,0.69680846
0,0,0.6149501,0.12829573,0.2567542
1,1,0.0730459,0.63256633,0.29438782
0,0,0.5949538,0.15363586,0.2514103
1,1,0.17217237,0.5052456,0.32258207
2,0,0.6083015,0.14820647,0.24349205
1,1,0.039602745,0.68130386,0.2790934
0,0,0.6056662,0.15027374,0.24406004
0,1,0.2597846,0.40383407,0.33638135
1,1,0.07050152,0.64013946,0.289359
2,0,0.582814,0.15867396,0.25851208
2,0,0.5744567,0.09869815,0.32684523
1,0,0.46589965,0.19082421,0.34327614
2,2,0.12494915,0.08854849,0.7865024
2,1,0.059907507,0.51433504,0.4257574
0,0,0.4870839,0.21947643,0.29343972
0,0,0.37959978,0.31005543,0.31034476
0,0,0.51852566,0.20293052,0.27854377
1,0,0.53108424,0.19627962,0.27263615
1,0,0.580762,0.1651362,0.2541018
1,1,0.04406312,0.6814962,0.27444056
0,0,0.42284334,0.16937375,0.40778285
2,1,0.003484906,0.8350218,0.16149333
0,2,0.36501867,0.10078394,0.53419745
2,1,0.07751425,0.60324526,0.31924042
2,0,0.46885756,0.21331629,0.31782615
2,1,0.02411488,0.7076382,0.26824692
1,0,0.61196417,0.14555061,0.24248515
0,0,0.6004563,0.13625956,0.26328415
1,1,0.02059745,0.6801413,0.29926124
0,0,0.52815634,0.1941971,0.27764657
2,0,0.50517774,0.18020424,0.31461802
2,2,0.024150567,0.2969967,0.6788527
2,1,0.029209875,0.7250988,0.24569127
1,2,0.041247074,0.17435604,0.7843968
2,2,0.16295312,0.15060024,0.68644667
2,1,0.1473025,0.53466785,0.31802964
1,1,0.030503748,0.709685,0.25981125
1,1,0.1015184,0.5831096,0.315372
0,0,0.5074241,0.20897792,0.28359798
0,2,0.36089125,0.12829037,0.51081836
2,0,0.67241395,0.103408314,0.2241778
1,2,0.041444857,0.11350808,0.84504706
0,2,0.20396343,0.24405019,0.55198634
2,0,0.53834707,0.15063582,0.31101707
1,1,0.0121825775,0.75708085,0.23073663
0,0,0.5483633,0.18008716,0.27154952
0,0,0.48661917,0.22170419,0.2916767
0,1,0.27222434,0.3987955,0.32898015
2,2,0.30742878,0.12805414,0.5645171
0,0,0.52330375,0.19076982,0.2859265
1,1,0.0540006,0.6503932,0.29560626
1,0,0.47050864,0.23835136,0.2911401
0,0,0.5956886,0.15497304,0.24933837
1,0,0.5660402,0.15729879,0.276661
1,1,0.03213987,0.72040206,0.247458
1,1,0.01705115,0.7341428,0.24880613
0,0,0.6434438,0.12259871,0.23395753
1,2,0.036510088,0.120965555,0.84252435
1,1,0.047316346,0.6925939,0.2600898
1,2,0.09061185,0.4029814,0.5064067
1,1,0.046143513,0.65106094,0.3027956
2,0,0.5132839,0.16343753,0.32327864
2,2,0.24475849,0.33112285,0.4241186
2,1,0.011201324,0.7106367,0.27816212
2,2,0.3110695,0.2429067,0.44602382
0,0,0.45284855,0.14955387,0.39759758
1,0,0.6043228,0.1514019,0.24427524
0,2,0.3179719,0.32105622,0.3609719
1,1,0.08331518,0.62091744,0.2957674
2,1,0.32373086,0.35533327,0.3209359
0,0,0.4353349,0.23873563,0.3259295
0,0,0.50159657,0.21423869,0.2841647
2,1,0.18438978,0.4882648,0.3273454
1,1,0.0027096993,0.794827,0.20246336
1,1,0.006957509,0.75894606,0.23409642
2,0,0.44185773,0.15447965,0.40366262
1,0,0.36246565,0.27675962,0.3607747
0,0,0.5736025,0.14992215,0.2764753
2,2,0.20484306,0.102100216,0.6930567
1,1,0.105081,0.5916323,0.30328664
0,0,0.5496366,0.1837508,0.2666126
1,1,0.0084457,0.7867662,0.20478809
0,1,0.14770445,0.5226527,0.32964283
1,0,0.5193279,0.17756028,0.30311185
0,0,0.56387556,0.17650981,0.2596146
0,1,0.2567061,0.39886197,0.3444319
0,2,0.28418767,0.19800077,0.5178115
1,1,0.058801323,0.64711815,0.2940806
0,0,0.44894215,0.18673739,0.3643205
2,1,0.16972461,0.4882648,0.34201053
2,1,0.059890967,0.6406032,0.2995058
0,0,0.6259856,0.13528158,0.23873274
0,0,0.5313567,0.19587326,0.27277002
0,1,0.17376521,0.48506975,0.34116507
1,1,0.06417269,0.6387837,0.29704365
0,0,0.6197891,0.1404932,0.23971763
2,1,0.040605996,0.7102977,0.24909632
0,0,0.5434641,0.18583077,0.27070504
0,0,0.588485,0.09490844,0.31660655
0,2,0.19728783,0.13594575,0.6667664
1,0,0.538519,0.1450965,0.31638446
1,1,0.051263157,0.5365214,0.4122155
2,2,0.4050639,0.16352214,0.43141395
1,0,0.49754354,0.21883853,0.283618
0,0,0.65149367,0.1214392,0.22706716
0,0,0.47516826,0.2314071,0.29342467
0,1,0.18913439,0.47331515,0.33755046
0,0,0.5440676,0.18736956,0.26856282
1,1,0.07839702,0.4798596,0.44174337
2,2,0.05910881,0.37639955,0.56449157
1,0,0.36168012,0.3213495,0.3169704
2,1,0.010062102,0.7064143,0.2835236
0,0,0.58547163,0.16215475,0.25237367
2,0,0.6041673,0.12969565,0.26613706
0,1,0.25717196,0.41355294,0.32927507
0,2,0.33301452,0.31763518,0.3493503
1,1,0.22251746,0.43295622,0.34452638
0,0,0.56448495,0.17392232,0.26159278
0,1,0.3113376,0.36226562,0.32639682
0,0,0.55567396,0.18003896,0.26428705
0,1,0.22294927,0.43803057,0.33902016
2,1,0.0962933,0.5946998,0.30900693
0,1,0.27262616,0.386467,0.34090686
1,0,0.48604682,0.20895767,0.30499563
2,1,0.009496049,0.6964115,0.29409254
1,1,0.02421585,0.6450794,0.33070484
2,0,0.5938313,0.15653968,0.2496291
1,1,0.039576564,0.6965419,0.26388153
1,1,0.020642981,0.7439777,0.2353793
1,1,0.107037686,0.590522,0.30244032
0,0,0.54076856,0.19027871,0.2689527
1,1,0.046074513,0.66219884,0.2917266
0,2,0.19710048,0.060862444,0.7420371
2,0,0.5608462,0.13120042,0.30795336
2,0,0.5745207,0.16840783,0.25707147
2,0,0.48017702,0.15629497,0.36352804
2,0,0.4937233,0.13142717,0.37484953
0,1,0.15716985,0.52068436,0.32214585
2,0,0.34745952,0.30613703,0.3464035
2,2,0.23246111,0.066013895,0.7015251
1,1,0.013686836,0.7709367,0.21537648
1,1,0.049530968,0.6892452,0.26122382
0,2,0.2164116,0.34992582,0.4336626
0,0,0.56473845,0.17593604,0.25932547
0,0,0.61992985,0.14136408,0.23870611
2,0,0.47557518,0.23071553,0.29370922
2,0,0.49805316,0.19528551,0.30666134
2,2,0.40479648,0.12740286,0.46780065
2,2,0.09807057,0.408183,0.4937464
2,1,0.017036222,0.7246584,0.25830546
2,0,0.5756514,0.16711482,0.25723374
0,0,0.58831835,0.14772864,0.2639531
0,1,0.2644961,0.39894968,0.33655426
1,1,0.060823027,0.6648614,0.27431554
2,1,0.021759853,0.7343714,0.24386874
1,1,0.06854376,0.64768815,0.28376818
2,2,0.0063438076,0.41794923,0.57570696
0,0,0.42611697,0.26926914,0.3046139
2,2,0.070848934,0.42102423,0.50812685
0,0,0.52494323,0.17648771,0.29856902
2,0,0.5584488,0.1805586,0.26099262
0,0,0.5382996,0.18969268,0.27200764
2,2,0.04273184,0.034305383,0.92296284
0,1,0.28519565,0.3823048,0.33249962
2,1,0.21054201,0.41493616,0.37452185
1,1,0.034023434,0.6660843,0.29989228
2,2,0.024897631,0.19090973,0.7841926
2,1,0.019277312,0.59346765,0.38725507
0,0,0.5777737,0.16603427,0.25619203
1,1,0.09426835,0.6006458,0.3050859
2,2,0.27657598,0.26000348,0.4634205
0,1,0.15229227,0.5244185,0.32328925
2,2,0.38255522,0.19467138,0.42277345
0,0,0.63240176,0.13398881,0.23360945
0,0,0.53207743,0.1961085,0.27181408
1,2,0.3430298,0.06754422,0.589426
1,1,0.015135702,0.7146791,0.2701851
0,0,0.5610064,0.17684314,0.26215044
1,1,0.01884746,0.58722967,0.3939229
1,1,0.005311634,0.81885713,0.17583129
2,0,0.48654512,0.12271515,0.3907397
0,2,0.13245639,0.18399101,0.68355256
2,0,0.50726414,0.20823869,0.28449708
2,1,0.010304434,0.7487447,0.24095087
2,2,0.08292298,0.021317244,0.8957597
1,0,0.551741,0.18207753,0.2661815
1,1,0.14037031,0.5246057,0.335024
2,1,0.32539502,0.33970335,0.33490157
0,0,0.6213049,0.14151353,0.23718163
2,1,0.016857259,0.71158767,0.27155507
2,0,0.55042064,0.17294268,0.27663672
0,0,0.48738346,0.14670797,0.36590868
0,1,0.030788882,0.7178067,0.25140437
1,1,0.00936423,0.7842398,0.206396
1,0,0.6015524,0.1495045,0.24894306
0,0,0.59243304,0.15824768,0.24931927
0,1,0.29580665,0.37838873,0.32580462
0,2,0.087157816,0.37895262,0.53388953
2,1,0.21519202,0.4555911,0.3292168
0,0,0.34463575,0.3340304,0.3213339
1,1,0.018059956,0.73489803,0.2470421
0,1,0.011043985,0.78189373,0.20706233
0,1,0.21559791,0.4451753,0.33922678
2,0,0.5753101,0.16942523,0.25526467
2,1,0.1374597,0.51665664,0.3458836
0,0,0.5594349,0.1400754,0.30048972
1,1,0.0187997,0.75091326,0.23028715
1,1,0.043697182,0.6636348,0.292668
1,0,0.6112999,0.13208798,0.25661212
1,1,0.2336289,0.4042373,0.36213383
2,0,0.5069932,0.1118519,0.38115495
1,1,0.041545603,0.65465856,0.30379584
0,0,0.58436936,0.13913348,0.2764971
0,0,0.6003833,0.14523014,0.25438663
2,0,0.39270803,0.29002777,0.31726417
2,2,0.21370643,0.087748915,0.6985446
0,0,0.5826291,0.16427869,0.25309226
1,0,0.55563885,0.18124864,0.26311257
2,0,0.50229853,0.110071234,0.3876302
2,2,0.10520568,0.100467816,0.79432654
2,2,0.15027389,0.18543118,0.6642949
2,1,0.018789899,0.63259256,0.34861755
0,0,0.5931142,0.14808767,0.25879815
2,0,0.4983576,0.16383827,0.3378041
0,0,0.6110209,0.14678736,0.24219169
0,1,0.25928137,0.40897232,0.33174637
1,1,0.041699037,0.51223433,0.44606662
2,1,0.04327218,0.5893471,0.3673807
0,0,0.54330826,0.188932,0.26775974
2,1,0.29828283,0.37817997,0.32353723
2,2,0.10474321,0.31211665,0.58314013
1,1,0.0023125075,0.844468,0.15321946
1,1,0.033588607,0.7208902,0.24552122
0,0,0.5363039,0.18968612,0.27400997
1,1,0.21081522,0.46032897,0.32885578
1,0,0.6150864,0.14056736,0.24434625
2,0,0.57068735,0.16877005,0.26054257
2,2,0.07740433,0.042092532,0.8805031
1,1,0.13167419,0.54967827,0.3186476
0,0,0.5849075,0.15928143,0.25581104
1,0,0.65021384,0.10891928,0.24086684
0,0,0.49290395,0.22244895,0.28464717
0,1,0.118867435,0.5610619,0.3200707
0,1,0.16530041,0.49060515,0.3440944
0,0,0.3928348,0.27123436,0.33593082
2,2,0.10991511,0.06623198,0.8238529
1,1,0.015585108,0.6714463,0.31296858
0,0,0.6365095,0.11128931,0.25220123
1,1,0.011931723,0.72414404,0.2639242
0,0,0.61513954,0.13723266,0.24762776
2,0,0.5102412,0.21465427,0.27510458
0,0,0.5929346,0.15732457,0.2497408
2,1,0.22172102,0.44324115,0.33503786
0,2,0.33166474,0.107165605,0.5611696
1,1,0.087585025,0.60286313,0.3095518
2,2,0.047270633,0.21115594,0.7415734
0,2,0.35282242,0.099198475,0.5479791
1,2,0.24689732,0.08736608,0.6657366
2,0,0.617732,0.13075066,0.2515173
1,1,0.055916462,0.66089624,0.28318733
1,1,0.25626892,0.41129264,0.3324385
1,1,0.016307116,0.74856126,0.23513164
2,1,0.075553775,0.62496984,0.2994764
0,0,0.6623005,0.11708357,0.22061594
2,0,0.57225055,0.1657603,0.2619892
0,0,0.6195915,0.12342417,0.2569843
2,1,0.079296365,0.62391096,0.29679257
0,1,0.069016434,0.64108086,0.28990272
1,1,0.042036887,0.49423185,0.46373123
0,0,0.6392232,0.12520088,0.23557588
0,0,0.45039007,0.14788005,0.40172988
2,2,0.44783455,0.08535411,0.4668114
2,1,0.1646565,0.4955256,0.33981788
0,0,0.52060056,0.1952078,0.2841916
0,1,0.2550896,0.41147712,0.33343324
0,0,0.5075411,0.21213415,0.2803248
1,1,0.31299764,0.35845375,0.32854852
0,0,0.55120146,0.17849436,0.27030423
1,2,0.40474468,0.1881353,0.40712
2,2,0.31303284,0.16623159,0.5207356
0,0,0.5487967,0.18110637,0.27009687
0,0,0.6417494,0.12657802,0.2316726
2,0,0.57448953,0.16194561,0.2635648
2,2,0.077093475,0.14899828,0.77390826
2,1,0.008144614,0.7363813,0.25547415
2,2,0.030220123,0.11692185,0.852858
2,1,0.10234718,0.5750568,0.32259595
0,0,0.5190384,0.088467434,0.39249423
0,0,0.55390185,0.18094252,0.26515555
1,2,0.06567045,0.22713861,0.70719093
0,0,0.59319955,0.1523916,0.25440884
0,0,0.52078617,0.20109756,0.2781163
0,2,0.20800771,0.12952049,0.6624717
1,1,0.11943577,0.5724756,0.30808854
1,1,0.005407072,0.8186383,0.17595467
2,0,0.5820173,0.1634524,0.25453022
1,0,0.50353795,0.12500483,0.3714573
1,1,0.06813292,0.6373973,0.2944698
0,1,0.27392453,0.37261266,0.35346276
0,2,0.20438434,0.34402433,0.45159128
0,1,0.21749824,0.45261452,0.32988727
1,0,0.55332,0.113083705,0.33359632
1,1,0.029435936,0.69749206,0.27307197
2,1,0.123161055,0.47933096,0.39750794
1,1,0.008681202,0.7916109,0.19970785
0,0,0.5114696,0.19463295,0.29389748
0,0,0.53726673,0.19098595,0.27174726
0,0,0.5281652,0.18829182,0.283543
2,1,0.09816979,0.6030348,0.29879546
1,1,0.2710614,0.39565596,0.33328268
0,0,0.53113806,0.19491626,0.27394566
2,0,0.59197533,0.15356602,0.2544586
2,1,0.09093292,0.6024784,0.30658877
1,2,0.13513443,0.42544392,0.43942168
1,0,0.6234114,0.13832116,0.23826744
2,0,0.55836236,0.15127607,0.2903616
2,2,0.029729048,0.03221968,0.9380513
2,1,0.005293075,0.7993365,0.19537045
1,1,0.06983969,0.633834,0.29632628
0,0,0.57210875,0.14539027,0.28250095
1,1,0.028589735,0.7249384,0.24647193
2,2,0.223771,0.20624799,0.569981
2,1,0.17635737,0.48454434,0.33909827
0,0,0.50400627,0.21497713,0.28101662
0,0,0.5649503,0.1741889,0.26086083
1,1,0.09202003,0.60555583,0.3024241
1,0,0.4802966,0.21607316,0.30363023
2,1,0.26920372,0.37463656,0.3561597
0,2,0.33983472,0.23757793,0.4225873
2,2,0.052723385,0.45642537,0.49085122
2,1,0.23893605,0.42860267,0.33246124
1,1,0.01953117,0.7541943,0.22627449
1,1,0.02056713,0.5978622,0.38157067
1,0,0.4637411,0.24312729,0.29313162
2,0,0.4290523,0.26882908,0.30211863
0,0,0.53893614,0.19248131,0.26858252
2,1,0.19490482,0.48021132,0.3248838
2,0,0.53936213,0.1919233,0.26871458
2,1,0.032108422,0.5398972,0.42799437
0,0,0.4921969,0.1499358,0.35786727
1,1,0.007089153,0.7961562,0.19675457
0,0,0.58049476,0.1673118,0.25219336
1,1,0.025878584,0.7372538,0.23686767
1,1,0.023827158,0.7162242,0.25994873
0,0,0.5639311,0.1769686,0.25910026
0,0,0.5925489,0.12810895,0.27934214
2,2,0.20656236,0.15677874,0.6366589
0,0,0.48505044,0.17116088,0.34378865
2,0,0.6104143,0.14347689,0.24610871
1,0,0.46745116,0.22340943,0.30913943
1,1,0.1245456,0.536874,0.33858037
2,0,0.6032626,0.14656709,0.25017035
2,1,0.122259416,0.56352955,0.31421098
0,0,0.6157558,0.14509033,0.23915389
1,0,0.58904165,0.15894905,0.2520093
2,2,0.24738659,0.1421555,0.61045784
0,0,0.58436704,0.16239017,0.25324282
0,0,0.6161071,0.12778401,0.25610888
1,1,0.0028993574,0.8419839,0.15511678
2,1,0.007916973,0.7717155,0.2203675
0,0,0.49557278,0.20141535,0.3030119
0,2,0.20720327,0.06990388,0.7228929
2,1,0.0993203,0.5181602,0.3825195
2,2,0.037289515,0.40115398,0.56155646
1,1,0.20474908,0.44910175,0.3461492
0,1,0.068388805,0.64638025,0.28523088
1,1,0.011244145,0.7735,0.21525574
0,0,0.5767335,0.1686409,0.2546256
2,1,0.25727308,0.4144562,0.32827073
2,1,0.0049713734,0.76337034,0.2316583
1,0,0.60329705,0.14771281,0.24899013
2,2,0.053184457,0.28616092,0.6606546
1,1,0.016143393,0.76343745,0.22041915
2,2,0.08935322,0.39543346,0.5152134
0,0,0.42113152,0.2756169,0.3032516
2,1,0.0037993195,0.8187203,0.17748035
2,1,0.15511653,0.47906935,0.36581415
1,0,0.58795816,0.14930126,0.2627406
1,0,0.6054965,0.15051761,0.24398586
1,0,0.5498164,0.18484104,0.26534247
2,1,0.016077098,0.6938629,0.29005992
1,1,0.017419042,0.6284907,0.35409024
1,1,0.07108139,0.63759726,0.29132143
0,0,0.43862653,0.254545,0.3068284
0,0,0.61631393,0.14178208,0.24190407
1,0,0.5899239,0.15341632,0.2566597
1,0,0.54805493,0.15776794,0.29417714
0,0,0.5767321,0.16643122,0.25683668
0,0,0.626918,0.13104425,0.24203774
1,0,0.59434456,0.15552846,0.25012693
1,1,0.08769972,0.5750546,0.33724567
2,1,0.038244966,0.6833869,0.27836812
0,0,0.5591381,0.18081868,0.26004323
0,0,0.5475281,0.16593458,0.28653732
0,0,0.6050355,0.14658111,0.24838337
1,1,0.03023878,0.6939724,0.2757888
1,1,0.028990142,0.7247434,0.24626644
0,0,0.52947384,0.1926464,0.27787974
1,1,0.11867529,0.5327716,0.34855312
2,0,0.4392903,0.2547722,0.30593756
2,2,0.18594316,0.39056614,0.42349067
2,2,0.27950522,0.13344403,0.58705074
2,2,0.4032833,0.12121642,0.47550032
1,2,0.07353183,0.42107514,0.5053931
2,2,0.26658845,0.3475708,0.3858407
1,0,0.6503446,0.12046819,0.2291872
1,0,0.44318897,0.17461497,0.38219604
1,1,0.08814872,0.58480406,0.32704732
2,0,0.5069142,0.195293,0.29779276
0,2,0.40568915,0.122637674,0.47167322
2,0,0.3810853,0.30370528,0.31520945
2,1,0.0890541,0.6105963,0.3003496
2,0,0.48722827,0.1651422,0.34762955
1,2,0.18198021,0.20197648,0.61604327
0,0,0.60645795,0.14600672,0.24753533
2,1,0.0094885975,0.7606973,0.22981401
1,1,0.2720774,0.39705876,0.33086374
0,0,0.5459525,0.13675803,0.31728947
1,1,0.03835659,0.70585084,0.25579256
0,0,0.57799375,0.16577603,0.25623026
